1 166
2 72
3 199
4 113
5 166
6 162
7 68
8 188
9 166
10 162
11 166
12 156
13 171
14 71
15 166
16 156
17 171
18 156
19 166
20 73
21 146
22 150
23 166
24 73
25 146
26 150
27 146
28 73
29 166
30 166
31 100
32 133
33 80
34 101
35 166
36 100
37 133
38 80
39 101
40 80
41 133
42 100
43 59
44 46
45 59
46 100
47 187
48 100
49 123
50 176
51 113
52 166
53 100
54 123
55 176
56 123
57 100
58 130
59 100
60 24
61 96
62 188
63 166
64 100
65 24
66 96
67 188
68 96
69 24
70 100
71 166
72 162
73 129
74 121
75 129
76 162
77 51
78 125
79 113
80 166
81 162
82 51
83 125
84 113
85 125
86 51
87 162
88 168
89 28
90 168
91 162
92 166
93 156
94 171
95 89
96 171
97 117
98 71
99 166
100 156
101 171
102 117
103 71
104 117
105 171
106 156
107 91
108 25
109 91
110 156
111 105
112 189
113 105
114 156
115 166
116 60
117 48
118 99
119 48
120 60
121 79
122 173
123 79
124 60
125 58
126 171
127 117
128 71
129 159
130 71
3 3 3 4 2 4 2 3 3 4 4 4 4 3 4 3 4 3 4 2 3 3 2 4 3 3 0 3 3 2 3 3 4 3 3 4 3 3 4 3 4 4 4 3 3 4 3 4 3 1 4 3 3 3 2 3 4 3 4 4 3 4 4 4 3 4 3 2 3 3 0 3 4 2 3 3 4 2 4 4 3 4 3 3 4 3 4 4 4 3 4 3 4 4 4 3 3 4 4 5 3 3 3 4 4 3 4 4 3 4 3 3 3 3 3 5 1 4 4 3 3 2 4 3 3 4 4 3 4 4 3 3 4 3 3 4 3 3 2 2 2 4 3 3 4 3 4 1 3 3 4 4 3 2 4 3 3 4 200 3 3 5 4 3 3 5 3 4 2 3 2 4 4 3 4 4 4 3 3 4 4 5 3 4 4 4 4 2 4 2 2 1 3 3 4 4 2 4 2 3 
----------0
131 117
132 171
133 58
134 60
135 166
136 73
137 146
138 140
139 146
140 68
141 146
142 73
143 193
144 73
145 166
146 66
147 120
148 154
149 120
150 30
151 120
152 66
153 179
154 66
155 8
156 7
157 192
158 166
159 66
160 8
161 66
162 31
163 20
164 31
165 139
166 148
167 166
168 166
169 156
170 166
171 166
172 100
173 133
174 164
175 133
176 132
177 122
178 50
179 166
180 100
181 133
182 132
183 122
184 132
185 133
186 100
187 59
188 106
189 59
190 47
191 59
192 100
193 187
194 37
195 187
196 174
197 187
198 40
199 74
200 40
201 187
202 61
203 23
204 61
205 187
206 100
207 123
208 167
209 139
210 148
211 166
212 162
213 129
214 35
215 129
216 29
217 55
218 29
219 129
220 121
221 190
222 121
223 129
224 134
225 78
226 134
227 129
228 162
229 51
230 86
231 51
232 16
233 51
234 125
235 139
236 148
237 166
238 162
239 104
240 162
241 168
242 28
243 5
244 28
245 168
246 162
247 166
248 156
249 171
250 56
251 171
252 117
253 71
254 117
255 171
256 44
257 141
258 192
259 166
260 156
261 171
262 92
263 171
264 156
265 152
266 69
267 152
268 156
269 91
270 81
271 91
272 25
273 91
274 45
275 91
276 156
277 36
278 161
279 36
280 183
281 36
282 156
283 105
284 153
285 141
286 192
287 166
288 156
289 105
290 153
291 141
292 192
293 141
294 153
295 105
296 38
297 199
298 38
299 191
300 38
301 105
302 84
303 105
304 156
305 166
306 60
307 177
308 135
309 177
310 3
311 177
312 60
313 48
314 22
315 197
316 22
317 48
318 109
319 48
320 157
321 48
322 131
323 48
324 143
325 48
326 60
327 79
328 60
329 58
330 44
331 58
332 60
333 142
334 200
335 142
336 112
337 169
338 50
339 166
340 73
341 146
342 150
343 146
344 34
345 146
346 68
347 188
348 50
349 166
350 166
351 162
352 129
353 35
354 90
355 35
356 129
357 29
358 149
359 29
360 129
361 121
362 18
363 121
364 101
365 121
366 129
367 134
368 102
369 134
370 129
371 95
372 9
373 95
374 31
375 139
376 148
377 166
378 162
379 129
380 95
381 31
382 139
383 31
384 95
385 137
386 95
387 70
388 169
389 50
390 169
391 70
392 95
393 129
394 162
395 104
396 63
397 104
398 162
399 168
400 28
401 113
402 28
403 168
404 151
405 103
406 151
407 168
408 145
409 168
410 108
411 168
412 184
413 75
414 184
415 112
416 184
417 168
418 162
419 166
420 156
421 171
422 56
423 171
424 89
425 171
426 92
427 53
428 92
429 68
430 188
431 68
432 92
433 97
434 92
435 171
436 156
437 152
438 69
439 23
440 69
441 152
442 156
443 91
444 61
445 91
446 81
447 49
448 81
449 91
450 25
451 194
452 25
453 91
454 45
455 91
456 156
457 73
458 146
459 73
460 193
461 73
462 42
463 115
464 42
465 73
466 156
467 36
468 161
469 125
470 161
471 83
472 161
473 165
474 161
475 36
476 183
477 54
478 183
479 36
480 47
481 14
482 47
483 36
484 156
485 105
486 181
487 105
488 153
489 111
490 153
491 141
492 153
493 105
494 189
495 32
496 189
497 105
498 156
499 166
500 166
501 162
502 129
503 35
504 119
505 35
506 4
507 35
508 90
509 35
510 129
511 29
512 149
513 29
514 55
515 29
516 180
517 67
518 180
519 29
520 62
521 29
522 129
523 121
524 136
525 21
526 136
527 121
528 22
529 124
530 22
531 121
532 18
533 178
534 18
535 121
536 190
537 121
538 101
539 121
540 93
541 121
542 129
543 134
544 16
545 134
546 98
547 134
548 78
549 76
550 78
551 134
552 102
553 65
554 102
555 134
556 129
557 95
558 86
559 1
560 86
561 95
562 9
563 95
564 137
565 95
566 70
567 95
568 129
569 162
570 104
571 179
572 17
573 179
574 99
575 179
576 104
577 63
578 39
579 63
580 104
581 162
582 168
583 28
584 5
585 52
586 5
587 28
588 113
589 28
590 150
591 28
592 110
593 138
594 110
595 28
596 94
597 28
598 168
599 151
600 107
601 151
602 126
603 114
604 126
605 151
606 168
607 145
608 168
609 108
610 131
611 108
612 24
613 96
614 24
615 108
616 120
617 108
618 168
619 184
620 75
621 184
622 112
623 184
624 168
625 162
626 166
627 156
628 171
629 56
630 174
631 56
632 34
633 56
634 171
635 187
636 37
637 160
638 37
639 144
640 37
641 187
642 40
643 187
644 11
645 187
646 185
647 2
648 185
649 187
650 6
651 187
652 171
653 89
654 171
655 117
656 173
657 117
658 71
659 117
660 123
661 167
662 123
663 117
664 171
665 92
666 200
667 92
668 53
669 92
670 68
671 92
672 97
673 92
674 171
675 156
676 152
677 69
678 66
679 69
680 77
681 69
682 152
683 156
684 91
685 61
686 91
687 81
688 49
689 81
690 74
691 81
692 91
693 79
694 15
695 79
696 91
697 25
698 194
699 25
700 30
701 25
702 91
703 45
704 132
705 45
706 91
707 156
708 73
709 146
710 140
711 146
712 127
713 146
714 106
715 146
716 73
717 193
718 80
719 193
720 73
721 42
722 186
723 26
724 186
725 42
726 73
727 156
728 36
729 161
730 83
731 161
732 196
733 170
734 196
735 161
736 36
737 183
738 36
739 47
740 154
741 47
742 118
743 47
744 36
745 156
746 105
747 181
748 195
749 181
750 105
751 153
752 141
753 192
754 7
321
