1000
469 227
168 145
672 475
579 741
416 167
202 828
529 459
443 90
275 764
625 913
723 742
339 277
7 648
838 140
40 797
604 28
77 412
396 433
77 730
756 503
605 54
413 157
323 533
750 363
538 48
899 917
792 139
640 856
60 975
824 469
915 698
723 468
797 325
879 179
907 598
773 270
812 319
960 585
81 559
306 532
5 832
896 662
169 681
391 885
295 404
655 501
605 194
790 39
284 430
728 764
730 775
662 531
797 826
460 327
497 880
976 324
427 340
696 315
407 711
322 132
183 479
834 619
709 893
288 135
388 479
296 983
617 558
78 261
671 960
841 704
308 136
855 28
678 780
225 757
98 711
89 316
246 120
945 80
797 236
390 937
235 368
549 962
609 73
677 997
668 15
341 443
217 335
199 723
980 40
957 203
265 224
42 253
658 536
117 852
707 261
434 888
914 977
697 541
786 514
739 298
138 272
746 217
666 549
960 746
446 992
139 46
206 626
927 249
716 845
789 6
784 610
219 449
793 170
564 433
660 439
9 445
322 228
383 265
365 450
19 921
771 188
332 85
719 893
952 861
300 153
945 23
803 449
937 111
663 723
980 990
15 10
158 814
276 593
661 540
995 774
415 399
309 701
710 993
573 65
251 212
946 10
418 22
350 852
13 384
670 933
859 971
138 913
18 500
711 761
530 98
740 857
116 589
994 977
923 617
40 551
122 675
773 418
511 300
207 186
726 340
76 6
656 313
287 974
350 159
461 875
256 706
520 635
555 386
651 521
467 678
128 53
557 885
559 128
680 24
199 419
356 4
498 136
908 287
220 80
376 937
940 990
111 469
222 109
555 15
224 214
381 72
348 644
474 800
894 804
854 771
814 118
808 496
440 961
158 110
434 951
715 535
221 916
750 898
776 877
636 955
9 222
249 566
950 229
955 332
795 629
807 757
116 149
217 887
989 339
30 405
929 675
676 148
960 676
69 682
844 372
15 175
422 91
503 105
916 774
543 954
862 933
630 373
601 743
111 578
659 108
461 901
672 636
269 758
469 206
44 380
523 91
299 971
998 652
584 736
735 849
175 698
46 563
416 116
36 196
715 992
8 790
697 270
672 818
125 373
643 194
964 729
717 664
328 358
394 649
243 220
862 620
250 779
957 279
879 425
926 172
412 274
789 120
765 287
138 573
877 26
500 776
659 337
65 253
799 681
386 809
312 420
27 321
96 278
553 825
970 613
511 400
282 663
34 50
766 673
12 13
548 773
174 304
508 987
409 385
407 3
102 78
400 841
692 783
665 994
147 930
257 631
535 438
102 352
735 516
814 251
278 922
858 693
922 346
964 799
859 956
8 717
558 79
193 931
291 901
678 520
939 0
85 608
710 447
806 629
932 366
404 558
354 845
919 122
655 919
261 143
32 853
850 934
121 188
158 473
526 709
942 472
481 892
341 544
787 419
493 733
320 432
272 929
694 228
308 422
567 485
710 184
512 406
414 327
49 693
836 732
837 998
33 953
444 214
226 614
952 411
720 465
180 530
235 717
724 816
528 279
40 261
936 573
387 702
571 823
412 402
317 771
402 232
152 164
621 255
250 634
427 77
209 416
448 924
420 306
602 954
11 333
812 144
570 523
712 965
890 143
707 36
0 903
363 635
426 256
692 517
239 293
404 211
143 667
644 558
731 327
528 48
118 785
201 12
324 733
585 483
633 495
781 297
62 7
906 567
679 941
153 258
561 687
581 595
330 89
408 361
385 748
368 108
368 858
183 659
758 233
300 376
458 646
836 338
525 676
181 684
432 725
692 108
126 855
621 919
275 811
35 243
677 714
561 509
745 33
320 395
905 0
426 597
485 621
190 296
192 837
77 778
364 62
277 989
928 942
459 934
713 752
638 797
447 241
978 154
626 814
827 214
180 345
730 696
992 467
52 985
940 363
985 938
315 504
299 732
734 732
768 992
236 857
217 832
848 289
996 317
618 264
271 555
240 828
22 826
957 25
214 439
659 766
35 850
590 860
503 689
625 416
956 508
669 94
660 138
38 920
495 869
953 168
805 378
587 43
844 436
748 622
124 440
84 197
857 267
420 425
521 355
760 130
167 732
227 918
671 653
28 609
91 978
327 637
237 19
271 827
941 572
195 147
814 454
495 449
284 78
197 825
801 212
843 347
49 279
590 114
145 368
135 2
903 412
597 504
726 101
884 591
329 651
828 976
435 623
717 489
956 465
241 401
983 723
354 483
985 597
599 953
28 186
457 851
789 75
314 161
322 162
328 221
296 386
799 44
796 845
885 926
713 446
569 827
986 800
854 289
96 662
789 732
150 693
169 622
571 631
191 23
423 722
53 173
562 856
490 775
521 231
447 471
131 404
124 727
923 35
214 998
774 123
88 307
232 992
224 344
114 112
403 226
14 747
587 616
118 436
447 387
122 341
396 317
57 786
779 821
722 541
83 945
843 154
888 485
346 99
652 995
713 151
286 771
503 422
0 54
693 872
141 885
231 183
35 224
76 874
333 316
967 572
188 107
703 532
510 938
915 550
31 727
474 210
568 610
882 915
142 470
288 971
205 768
367 981
212 895
972 547
746 444
594 905
569 868
417 865
433 523
253 257
249 28
931 818
746 486
263 538
476 185
868 909
734 322
868 175
87 443
337 749
442 230
122 764
42 19
90 362
602 192
558 188
736 329
894 336
635 936
877 660
939 158
604 694
752 859
724 189
365 83
195 792
774 186
265 286
968 760
794 61
584 384
79 455
470 934
441 258
587 984
845 23
850 62
239 862
443 948
280 359
597 976
609 52
485 615
13 125
322 397
105 836
947 796
256 386
275 556
317 378
811 980
639 125
537 905
948 853
920 717
767 542
576 153
612 505
15 614
783 387
88 943
335 621
883 451
344 62
213 83
841 318
210 231
315 444
408 870
180 403
990 781
771 736
173 287
972 191
269 534
110 854
563 753
300 490
281 94
489 241
734 506
767 304
152 367
585 838
648 549
351 616
621 781
458 694
108 225
729 518
542 752
116 296
585 121
551 42
724 29
721 133
526 226
349 391
398 277
280 986
520 407
381 660
246 916
189 153
341 456
123 190
58 667
575 464
77 447
609 13
956 815
889 696
355 818
884 235
635 872
586 175
832 316
925 536
456 875
140 991
913 108
665 512
506 704
312 789
500 844
266 202
650 268
497 804
535 731
100 555
15 89
37 983
937 323
913 842
3 369
839 610
175 948
373 154
732 543
111 153
864 759
818 11
405 766
400 79
689 52
229 905
83 887
594 897
34 813
239 12
336 671
470 88
791 153
461 86
979 191
804 187
256 818
760 367
53 938
344 363
522 814
774 204
846 251
264 389
563 650
768 308
830 773
568 491
970 74
650 642
484 608
879 435
773 50
630 638
515 443
423 407
977 921
209 436
704 420
945 379
581 265
404 828
325 994
558 562
695 936
700 456
113 316
407 729
126 361
394 417
478 959
86 946
382 380
740 649
521 195
955 771
151 802
250 498
286 374
680 29
798 834
802 526
961 624
349 509
35 831
61 966
486 190
901 470
305 680
848 796
322 632
127 149
417 278
452 384
871 515
830 836
656 809
422 686
981 335
553 503
532 412
375 78
315 865
92 610
395 644
981 587
58 42
21 81
68 349
584 309
707 38
24 607
420 541
758 831
123 271
915 888
730 999
816 681
670 968
467 750
611 41
322 871
145 762
477 584
871 78
31 232
39 826
629 718
858 581
747 225
733 584
291 286
284 56
367 768
878 42
953 722
457 742
329 793
624 687
991 888
602 170
609 179
349 13
135 457
978 658
61 964
83 379
817 2
626 296
445 625
268 119
831 574
750 796
424 631
998 970
946 442
886 504
405 5
508 63
916 632
869 139
411 440
908 320
820 629
269 231
810 445
559 25
805 570
849 891
768 194
700 250
543 143
353 65
245 702
853 929
165 963
930 265
943 413
104 326
677 901
36 852
118 717
399 605
627 423
194 122
793 195
88 496
870 869
22 780
223 22
110 587
729 154
106 987
71 243
727 878
188 540
295 256
601 528
132 734
705 827
234 225
898 105
452 164
671 182
378 450
636 621
473 36
346 358
652 594
716 354
761 943
737 480
959 946
154 29
31 538
566 391
264 345
221 299
8 269
506 624
991 283
516 684
526 68
798 709
136 781
230 2
191 514
595 875
19 835
715 742
527 937
323 244
356 730
936 451
130 779
54 189
508 358
935 529
315 965
830 24
902 189
541 43
321 374
387 556
243 706
954 250
748 108
512 424
431 107
884 64
428 759
652 84
121 700
165 5
50 565
698 104
375 562
8 166
989 564
90 106
480 752
280 737
751 787
717 725
648 541
481 10
901 761
452 733
31 204
749 633
403 964
618 195
290 51
264 121
125 916
334 791
120 109
837 450
519 197
178 617
15 504
575 225
478 129
30 775
589 175
968 923
900 515
622 531
159 217
910 797
424 285
871 90
102 248
504 239
964 587
22 558
852 107
517 477
14 229
546 532
83 788
302 293
839 129
1000
629 255
807 259
816 611
671 15
503 467
439 817
203 551
695 228
963 451
256 174
165 134
61 152
512 75
722 396
39 453
371 976
912 31
137 18
822 114
417 780
220 66
693 874
52 667
479 953
63 647
634 98
877 396
99 848
327 388
417 759
899 717
649 245
95 434
597 509
274 153
70 201
600 247
431 576
908 161
244 81
811 484
475 447
982 295
537 221
280 743
464 508
409 995
680 154
994 794
644 621
250 946
502 769
105 122
373 566
131 978
918 957
511 513
273 964
312 695
710 969
475 21
168 915
762 265
936 175
937 118
117 650
335 540
282 154
784 948
712 282
584 430
518 717
354 966
374 498
666 60
115 577
440 156
912 430
726 870
354 339
443 398
96 531
81 510
137 124
572 499
719 644
101 590
827 752
886 291
666 841
886 687
942 792
518 997
856 906
733 682
724 167
386 306
741 608
544 874
956 168
527 464
979 677
784 432
486 479
537 456
812 888
10 166
849 379
711 609
240 306
255 941
841 971
220 498
293 403
52 639
321 566
55 284
386 813
474 997
366 337
628 38
324 711
351 763
116 133
601 502
849 532
499 23
886 86
594 79
231 769
132 949
50 389
685 845
846 891
211 622
499 559
759 667
490 23
189 500
717 868
429 710
10 360
411 296
973 872
667 903
420 509
50 780
279 966
601 485
647 392
843 546
77 632
257 888
678 944
540 3
326 192
19 639
900 207
669 264
909 947
561 739
195 61
876 405
678 648
803 522
315 203
417 304
757 837
500 229
265 233
459 495
775 970
314 219
702 665
690 799
430 484
210 572
276 273
347 998
777 812
178 958
692 85
719 34
354 941
982 131
475 291
203 567
358 322
148 824
912 965
929 533
433 382
439 368
391 98
238 264
335 857
968 7
465 973
803 935
612 506
88 552
306 925
764 573
765 927
703 280
106 980
508 3
509 94
192 545
813 432
295 275
505 208
67 407
563 444
694 807
972 881
554 902
376 352
406 768
611 722
284 394
637 989
121 39
946 103
997 965
661 42
532 168
134 313
188 501
529 714
688 817
801 676
3 267
4 427
361 936
977 130
315 654
936 145
130 307
425 911
806 246
831 641
166 445
998 875
467 689
915 406
280 895
859 523
181 489
895 879
133 765
102 440
340 300
211 775
701 605
89 278
618 682
532 276
453 140
802 927
855 283
353 553
240 640
139 309
646 319
528 148
193 471
386 355
486 484
751 616
202 263
474 989
858 251
747 940
849 187
176 684
426 811
788 826
838 413
792 483
615 29
695 241
750 870
694 444
75 110
387 276
507 743
348 388
302 216
76 496
313 820
451 995
674 17
939 770
779 708
130 749
192 570
732 647
516 378
816 995
705 530
263 770
990 39
104 770
78 985
128 449
79 102
112 123
144 93
839 104
575 854
161 66
65 576
56 189
707 11
706 319
401 544
68 754
997 510
366 296
202 718
590 15
577 464
577 197
804 983
367 725
473 243
590 954
810 198
90 100
506 314
476 289
770 168
32 61
142 884
380 309
41 23
158 977
744 404
957 296
438 312
875 864
155 868
280 422
818 500
106 555
603 965
237 264
846 635
238 395
10 416
628 18
85 188
912 63
788 249
524 829
717 382
867 931
107 551
256 270
674 67
921 835
956 246
189 397
939 159
771 868
920 732
749 815
940 21
637 411
117 159
15 692
202 18
320 739
786 181
773 89
778 857
126 860
190 195
68 863
555 869
801 230
234 287
775 419
567 242
36 490
642 662
557 804
805 725
289 514
384 551
479 192
418 119
929 493
505 526
931 95
548 646
271 644
742 369
739 806
581 788
750 255
548 582
206 646
790 221
678 352
597 212
950 450
2 781
547 470
301 477
833 549
590 816
742 908
277 99
64 745
184 113
570 992
219 111
251 185
309 444
631 756
88 83
459 528
521 220
739 168
713 658
990 240
779 389
12 998
871 195
335 260
694 282
296 165
311 506
835 182
866 777
141 871
563 918
205 810
392 562
345 371
150 740
315 672
562 892
732 996
828 442
598 630
552 416
40 879
448 621
102 884
852 587
744 17
156 68
316 7
847 80
518 502
989 994
110 375
506 533
555 155
187 992
63 464
86 545
227 414
525 377
821 868
244 924
750 617
812 717
81 320
774 335
953 162
107 526
146 434
532 199
987 374
494 62
634 90
208 919
56 153
408 63
991 198
674 51
89 807
906 345
483 740
877 30
890 823
123 39
348 892
448 68
843 954
491 930
141 627
718 768
807 657
463 29
468 961
358 984
160 292
320 335
970 747
283 620
649 364
388 533
342 883
646 691
179 610
963 14
810 219
535 238
841 125
795 229
876 38
168 651
516 256
972 602
847 919
706 779
559 305
757 144
679 31
405 140
436 156
894 792
864 35
164 992
757 166
244 677
696 332
23 964
180 218
984 655
416 14
744 858
563 343
823 304
304 753
662 935
293 352
307 810
384 267
533 606
771 27
921 759
639 468
804 51
24 875
442 375
608 656
582 425
846 510
682 45
160 953
402 276
46 831
196 979
681 898
386 408
876 597
372 153
810 933
671 720
696 330
243 706
812 654
292 800
975 317
166 232
47 862
262 116
231 633
519 42
459 633
587 406
607 172
715 909
7 400
976 531
693 560
482 888
350 144
833 447
990 845
75 95
997 664
237 85
1 205
277 41
654 271
423 592
580 455
735 138
961 636
119 957
518 949
761 834
469 53
751 582
779 654
248 163
203 641
206 568
748 636
670 151
59 565
232 638
956 22
256 88
93 130
923 756
523 56
646 446
578 261
476 405
543 638
958 565
784 559
400 93
478 653
402 380
465 827
772 200
437 627
837 999
221 930
30 65
69 777
746 302
779 746
25 260
25 872
285 259
556 210
404 477
209 625
448 32
289 160
852 150
810 427
8 551
624 339
270 773
363 722
869 736
107 969
838 779
745 298
509 39
728 411
458 446
804 632
753 11
178 388
471 808
632 921
799 184
742 918
988 750
621 136
327 990
519 653
170 738
840 805
414 295
971 1
386 946
903 553
462 357
172 432
447 711
777 83
747 706
480 554
255 14
676 606
935 830
905 844
167 898
685 152
751 253
885 77
900 136
691 980
292 638
239 164
482 609
196 225
124 757
597 856
425 868
599 961
246 162
848 542
859 1
504 740
314 968
999 831
63 159
199 914
166 255
812 15
169 935
617 836
706 578
621 455
504 527
78 836
781 417
92 612
327 241
297 608
93 96
0 870
61 73
700 459
971 742
482 674
148 874
849 44
468 703
704 312
389 657
42 573
98 931
310 334
611 256
913 741
353 589
504 899
196 917
848 894
634 700
233 389
251 56
707 384
427 37
927 107
792 441
33 388
957 568
101 851
798 904
207 226
325 534
359 645
893 483
541 140
284 26
50 894
662 563
855 33
567 317
833 543
313 975
374 906
392 560
297 796
866 487
116 328
515 317
270 557
695 707
987 524
321 518
540 952
380 458
270 574
608 109
895 653
208 571
158 159
401 203
819 56
909 63
351 951
625 921
172 179
268 277
8 15
881 506
543 113
830 485
935 232
542 583
208 420
780 293
867 818
490 161
353 80
912 367
472 870
632 699
930 6
858 329
902 989
68 452
755 186
20 371
682 870
329 202
100 157
758 349
684 428
897 162
446 803
675 351
815 806
248 529
799 862
370 215
813 693
25 350
873 770
614 62
120 761
664 565
827 663
455 467
945 709
134 766
871 722
422 415
797 350
689 660
499 60
60 735
195 784
97 327
752 722
92 181
936 353
516 570
806 531
300 287
459 787
147 133
334 589
193 711
73 503
139 940
678 704
72 673
282 861
132 343
641 921
357 104
594 429
53 480
148 376
384 970
649 433
919 488
162 643
683 303
452 136
285 514
377 921
366 261
385 629
714 885
251 808
363 887
639 717
483 623
358 72
378 586
716 285
169 653
684 453
941 471
212 66
320 660
635 96
557 180
361 663
699 115
758 774
484 802
925 587
982 927
938 48
537 424
402 160
354 822
618 842
367 15
251 212
636 188
348 173
382 92
609 252
910 720
426 308
449 106
319 812
461 616
18 458
310 757
533 281
434 713
615 659
17 879
705 440
433 40
877 814
929 111
609 555
141 988
288 386
337 965
530 811
570 818
654 782
961 303
477 976
569 648
16 7
531 992
556 715
111 458
509 14
174 795
385 373
990 808
999 7
118 68
816 870
227 957
364 987
642 232
912 519
190 81
327 783
436 496
102 183
805 816
228 483
677 458
738 146
722 362
911 428
110 16
976 453
320 521
62 66
88 463
64 820
2 998
515 907
845 752
182 628
157 20
411 262
117 91
315 489
177 971
841 232
754 159
122 433
475 134
891 571
461 59
468 663
910 982
940 554
758 801
413 473
309 109
897 646
599 901
309 659
90 19
228 492
378 763
679 554
355 485
620 773
735 374
437 9
319 217
659 692
63 433
490 319
142 419
686 652
275 546
454 783
543 955
976 767
894 610
614 735
55 92
480 504
775 903
898 458
376 951
655 546
