10 20 9 10
6 9 89
5 2 7
9 3 8
9 10 87
10 9 38
2 10 66
1 8 4
9 1 8
5 4 51
3 6 4
6 8 2
2 1 24
10 8 1
2 4 23
5 1 94
10 1 68
6 9 40
10 9 36
8 4 90
1 3 75

10 17 9 10
6 5 88
9 1 17
9 3 75
1 7 66
10 1 70
9 2 82
5 10 26
6 10 16
4 7 7
8 2 100
7 3 59
10 8 75
7 9 76
10 4 60
9 4 74
8 6 20
9 8 64

10 20 9 10
3 6 56
10 3 40
3 7 80
10 2 42
1 9 2
6 2 82
1 7 77
8 9 16
5 6 56
2 7 76
3 5 70
6 5 76
4 10 66
1 4 58
4 3 22
3 1 10
3 8 14
6 3 47
7 1 87
1 10 49
10 20 9 10
6 4 39
6 9 30
8 1 61
3 6 59
6 7 90
3 5 13
5 3 59
9 5 40
2 3 13
6 3 69
4 3 77
2 8 57
6 4 11
2 6 100
10 3 52
7 9 20
9 8 18
10 2 71
2 9 38
8 7 72
10 20 9 10
4 5 30
4 2 64
9 1 27
1 10 68
5 6 66
8 9 100
3 10 25
2 7 22
3 5 76
4 3 50
9 1 1
2 6 100
8 2 70
10 4 98
9 2 76
10 4 99
5 7 87
9 5 9
1 3 98
3 10 40
10 20 9 10
2 10 47
2 3 12
8 2 93
6 8 8
10 9 60
2 3 82
2 10 66
6 10 84
10 4 81
5 4 32
6 1 33
8 9 59
2 8 42
6 1 82
4 1 38
7 9 72
5 10 58
10 7 82
2 8 5
8 2 18
10 20 9 10
1 4 96
4 3 62
3 10 25
2 10 5
5 2 1
10 5 76
2 9 43
10 3 54
5 9 17
5 3 18
7 2 76
2 1 88
10 4 37
2 6 99
4 9 22
2 4 83
1 9 96
7 1 9
6 8 2
1 10 55
10 20 9 10
4 8 72
10 9 47
9 10 10
6 10 84
7 3 51
5 1 57
10 1 67
2 9 70
5 10 58
3 9 63
9 3 14
10 4 31
2 5 12
1 4 69
7 3 16
5 10 15
6 2 8
10 7 88
6 7 19
10 8 54
10 20 9 10
2 1 94
4 7 73
10 9 66
9 6 68
2 10 66
2 7 15
7 2 40
10 8 56
10 6 80
8 3 29
9 4 13
6 8 4
4 6 56
6 10 62
8 6 54
10 5 10
5 10 90
3 7 33
2 7 71
6 3 30
10 20 9 10
10 1 39
5 8 81
5 2 16
7 3 62
8 1 10
7 8 49
8 5 57
6 2 61
6 4 88
6 5 35
9 8 71
8 7 48
4 1 12
9 3 37
9 8 68
2 6 50
5 9 71
2 4 99
2 7 1
1 4 79
